land.bmp
height.bmp
83
600
-1950273 5425582 9306069 -1621 80
-2835650 4748608 9306105 -1621 80
-3721027 4071634 9306105 -1621 80
-4554323 3434482 9306105 -1621 80
-5449097 2770294 9197625 -1656 80
-6447979 2142366 8814396 -1698 80
-7401670 1565951 7700246 -1671 80
-8360731 878649 5817849 -1628 80
-9255644 214365 5019110 -1637 80
-10160984 -435644 3467962 -1641 80
-11119952 -1123370 2443615 -1641 80
-12078920 -1811096 1715574 -1641 80
-13049747 -2481750 1466537 -1670 80
-14086329 -3040983 2040536 -1799 80
-15236207 -3250766 2977570 -2088 80
-16564644 -2915012 3933983 -2297 80
-17940308 -2038468 8190430 -2495 80
-19009772 -982403 12893013 -2639 80
-19485783 417039 15285385 -2978 80
-19758954 1495429 15767608 -2853 80
-20191911 2448751 12932241 -2748 80
-20718967 3429788 14459401 -2765 81
-21235511 4489883 15256233 -2778 94
-21724201 5562511 16218839 -2841 76
-22055003 6694106 17303241 -2906 58
-22328816 7773819 18249409 -2908 41
-22604284 8853115 18457208 -2908 24
-22847344 9805435 18477918 -2908 16
-23150203 10739628 18480712 -2824 16
-23549012 11637690 18481089 -2787 16
-23945999 12464430 18363055 -2756 16
-24459392 13221812 17634161 -2599 17
-25226750 13934440 16545340 -2495 33
-26047944 14585664 13179114 -2503 49
-26813159 15301521 10511935 -2557 65
-27588677 16100733 7983516 -2573 82
-28280973 16886970 6476423 -2631 98
-28987547 17747453 4803842 -2597 115
-29682155 18532205 3399449 -2621 131
-30339818 19430455 3489180 -2680 148
-30895537 20318784 2747038 -2733 164
-31339729 21266984 2520669 -2835 180
-31700552 22251124 1821659 -2821 185
-32132833 23277571 765719 -2818 185
-32379722 24291840 1237120 -3008 185
-32343426 25403979 1538176 -3139 185
-32179708 26505917 1569278 -3189 170
-31990770 27603966 2689772 -3171 153
-31805932 28636068 3983258 -3198 149
-31660402 29673368 4029109 -3091 149
-31872281 30893902 4266736 -2864 149
-32398517 32305629 5777613 -2866 130
-32736230 33705509 10114946 -2960 108
-32920745 34936737 14526415 -2973 89
-33089919 35904819 15284188 -2931 83
-33349918 36783817 13626098 -2845 83
-33699836 37631561 12422655 -2811 83
-34032148 38555965 12107742 -2875 83
-34304089 39500352 11991265 -2904 83
-34526343 40457697 11822760 -2931 83
-34749623 41482033 11799580 -2931 83
-34958948 42442348 11796896 -2931 83
-35182228 43466684 11796526 -2931 83
-35391553 44426999 11796484 -2931 83
-35640044 45512737 12224995 -2904 83
-35998852 46566405 12661445 -2820 83
-36564061 47673399 13392208 -2694 83
-37374355 48615040 14351720 -2543 83
-38262292 49282493 14548636 -2382 83
-39226906 49731919 13686881 -2308 72
-39215464 49727447 13240836 -2304 89
-38999967 49637791 12645163 -2304 108
-38999967 49637791 10415559 -2290 127
-38999967 49637791 7290863 -2283 146
-38999967 49637791 5083942 -2283 166
-38999967 49637791 3324324 -2283 187
-38999967 49637791 1701507 -2283 209
-38999967 49637791 194110 -2283 227
-38999967 49637791 552179 -2297 227
-38999967 49637791 900563 -2307 227
-38999967 49637791 916813 -2307 227
-38999967 49637791 917473 -2307 227
-38999967 49637791 1241382 -2334 227
